0 0 0 0 3 5 7 8 9 12 11 43 76 2 1
0 0 9 0 0 0 3 5 7 8 9 12 11 1 1
0 0 0 0 0 0 0 3 5 9 12 11 43 7 2
0 0 0 0 3 5 7 8 9 12 11 43 76 2 1
0 0 9 0 0 0 3 5 7 8 9 12 11 1 1
0 0 0 0 0 0 0 3 5 9 12 11 43 7 2
0 0 0 0 3 5 7 8 9 12 11 43 76 2 1
0 0 9 0 0 0 3 5 7 8 9 12 11 1 1
0 0 0 0 0 0 0 3 5 9 12 11 43 7 2
0 0 0 0 3 5 7 8 9 12 11 43 76 2 1
0 0 9 0 0 0 3 5 7 8 9 12 11 1 1
0 0 0 0 0 0 0 3 5 9 12 11 43 7 2
0 0 0 0 3 5 7 8 9 12 11 43 76 2 1
0 0 9 0 0 0 3 5 7 8 9 12 11 1 1
0 0 0 0 0 0 0 3 5 9 12 11 43 7 2
0 0 0 0 0 0 0 3 5 9 12 11 43 7 2
